0000016619100000559539502                          00000000800.20000000900929    03122008031220080101                                                                                                                                                                                                           
0000016619100000595003355                          00000000200.20000000900934    03122008031220080101                                                                                                                                                                                                           
0000016619100000552588423                          00000000100.20000000900929    03122008031220080101                                                                                                                                                                                                           
0000016619100000559539502                          00000000050.20000000900929    03122008031220080101                                                                                                                                                                                                           
0000016619100000595003339                          00000000100.20000000900912    03122008031220080101                                                                                                                                                                                                           
0000016619100000595003339                          00000000100.20000000900912    03122008031220080101                                                                                                                                                                                                           
0000016619100000552588423                          00000000100.20000000900929    03122008031220080101                                                                                                                                                                                                           
0000016619100000552588423                          00000000100.20000000900929    03122008031220080101                                                                                                                                                                                                           
0000016619100000595003355                          00000000200.20000000900934    03122008031220080101                                                                                                                                                                                                           
0000016619100000595003339                          00000000100.20000000900912    03122008031220080101                                                                                                                                                                                                           
0000016619100000595003339                          00000000100.20000000900912    03122008031220080101                                                                                                                                                                                                           
0000016619100000595003339                          00000000100.20000000900912    03122008031220080101                                                                                                                                                                                                           
0000016619100000552588423                          00000000100.20000000900929    03122008031220080101                                                                                                                                                                                                           
0000016619100000559539502                          00000000800.20000000900929    03122008031220080101                                                                                                                                                                                                           
0000016619100000559539502                          00000000800.20000000900929    03122008031220080101                                                                                                                                                                                                           
0000016619100000595003355                          00000000200.20000000900934    03122008031220080101                                                                                                                                                                                                           
0000016619100000595003339                          00000000170.20000000900912    03122008031220080101                                                                                                                                                                                                           
